1 7 -5.110027844333969 -24.0 -4.535963566867084 0.9396926207859084 0.0 0.3420201433256687 0.0 1.0 0.0 -0.3420201433256687 0.0 0.9396926207859084 3001.dat
1 326 -61.49158509148848 -24.0 15.985245032673042 0.3420201433256687 0.0 -0.9396926207859084 0.0 1.0 0.0 0.9396926207859084 0.0 0.3420201433256687 3001.dat
1 510 34.205033170924324 -24.0 45.00519081377405 -0.3420201433256687 0.0 0.9396926207859084 0.0 1.0 0.0 -0.9396926207859084 0.0 -0.3420201433256687 3001.dat
1 5 -18.790833577360722 -48.0 -42.12366839830342 -0.3420201433256687 0.0 0.9396926207859084 0.0 1.0 0.0 -0.9396926207859084 0.0 -0.3420201433256687 3001.dat
1 38 34.20503317092432 -48.0 45.00519081377405 0.9396926207859084 0.0 0.3420201433256687 0.0 1.0 0.0 -0.3420201433256687 0.0 0.9396926207859084 3001.dat
1 39 1.7303750221794036 -72.0 14.257888848851087 -0.3420201433256687 0.0 0.9396926207859084 0.0 1.0 0.0 -0.9396926207859084 0.0 -0.3420201433256687 3001.dat
1 1 -68.59410971111454 -48.0 23.891241444739368 0.17364831576934195 0.0 0.9848073735789508 0.0 1.0 0.0 -0.9848073735789508 0.0 0.17364831576934198 3001.dat
1 320 -68.59410971111456 -72.0 23.89124144473937 -0.9848073735789508 0.0 0.17364831576934198 0.0 1.0 0.0 -0.17364831576934195 0.0 -0.9848073735789508 3001.dat
1 69 13.683824571384193 -96.0 -11.376366433380456 0.9396926207859084 0.0 0.3420201433256687 0.0 1.0 0.0 -0.3420201433256687 0.0 0.9396926207859084 3001.dat
1 7 140.0 -24.0 -20.0 0.7071067811865476 0.0 -0.7071067811865475 0.0 1.0 0.0 0.7071067811865475 0.0 0.7071067811865476 3001.dat
1 7 140.0 -48.0 -20.0 0.7071067811865475 0.0 0.7071067811865476 0.0 1.0 0.0 -0.7071067811865476 0.0 0.7071067811865475 3001.dat
