1 7 100.0 -24.0 40.0 0.7071067811865476 0.0 -0.7071067811865475 0.0 1.0 0.0 0.7071067811865475 0.0 0.7071067811865476 3001.dat
1 7 100.0 -48.0 40.0 0.7071067811865475 0.0 0.7071067811865476 0.0 1.0 0.0 -0.7071067811865476 0.0 0.7071067811865475 3001.dat
1 7 -5.899549772910951 -24.0 -5.958009371039639 0.9396926207859084 0.0 0.3420201433256687 0.0 1.0 0.0 -0.3420201433256687 0.0 0.9396926207859084 3001.dat
1 326 -62.281107020065456 -24.0 14.563199228500485 0.3420201433256687 0.0 -0.9396926207859084 0.0 1.0 0.0 0.9396926207859084 0.0 0.3420201433256687 3001.dat
1 510 33.41551124234734 -24.0 43.583145009601495 -0.3420201433256687 0.0 0.9396926207859084 0.0 1.0 0.0 -0.9396926207859084 0.0 -0.3420201433256687 3001.dat
1 5 -19.5803555059377 -48.0 -43.54571420247598 -0.3420201433256687 0.0 0.9396926207859084 0.0 1.0 0.0 -0.9396926207859084 0.0 -0.3420201433256687 3001.dat
1 38 33.41551124234734 -48.0 43.583145009601495 0.9396926207859084 0.0 0.3420201433256687 0.0 1.0 0.0 -0.3420201433256687 0.0 0.9396926207859084 3001.dat
1 39 0.940853093602426 -72.0 12.83584304467853 -0.3420201433256687 0.0 0.9396926207859084 0.0 1.0 0.0 -0.9396926207859084 0.0 -0.3420201433256687 3001.dat
1 1 -69.38363163969152 -48.0 22.469195640566817 0.17364831576934195 0.0 0.9848073735789508 0.0 1.0 0.0 -0.9848073735789508 0.0 0.17364831576934198 3001.dat
1 320 -69.38363163969152 -72.0 22.469195640566813 -0.9848073735789508 0.0 0.17364831576934198 0.0 1.0 0.0 -0.17364831576934195 0.0 -0.9848073735789508 3001.dat
