1 7 140.0 -24.000000000000004 -80.0 0.7071067811865476 0.0 -0.7071067811865475 0.0 1.0 0.0 0.7071067811865475 0.0 0.7071067811865476 3001.dat
1 7 140.0 -48.0 -80.0 0.7071067811865475 0.0 0.7071067811865476 0.0 1.0 0.0 -0.7071067811865476 0.0 0.7071067811865475 3001.dat
1 7 0.0 -24 0 1.0 0.0 0.0 0.0 1.0 0.0 0.0 0.0 1.0 3001.dat
1 326 -60.0 -24 0 0.0 0.0 -1.0 0.0 1.0 0.0 1.0 0.0 0.0 3001.dat
1 510 20.0 -24 60 0.0 0.0 1.0 0.0 1.0 0.0 -1.0 0.0 0.0 3001.dat
1 5 0.0 -48 -40 0.0 0.0 1.0 0.0 1.0 0.0 -1.0 0.0 0.0 3001.dat
1 38 20.0 -48 60 1.0 0.0 0.0 0.0 1.0 0.0 0.0 0.0 1.0 3001.dat
1 39 0.0 -72 20 0.0 0.0 1.0 0.0 1.0 0.0 -1.0 0.0 0.0 3001.dat
1 1 -69.3782 -48 5 0.5 0.0 0.866025 0.0 1.0 0.0 -0.866025 0.0 0.5 3001.dat
1 320 -69.3782 -72 5 -0.866025 0.0 0.5 0.0 1.0 0.0 -0.5 0.0 -0.866025 3001.dat
